
0.000000
0.000000
-1.#IND00
0.000000
0.000000
0.000000
0.000000
0.000000
0.000000
0.000000
-1.#IND00
0.000000
0.000000
-1.#IND00
0.000000
0.000000
-1.#IND00
0.000000
0.000000
0.000000
0.000000
0.000000
0.000000
0.000000
0.000000
0.000000
-1.#IND00
-1.#QNAN0
-1.#IND00
0.000000
-1.#IND00
0.000000
0.000000
0.000000
0.000000
0.000000
-1.#IND00
0.000000
0.000000
0.000000
-1.#IND00
0.000000
0.000000
0.000000
0.000000
0.000000
0.000000
0.000000
0.000000
0.000000
0.000000
0.000000
0.000000
0.000000
0.000000
0.000000
0.000000
0.000000
0.000000
0.000000
0.000000
0.000000
0.000000
0.000000
0.000000
0.000000
-1.#IND00
0.000000
0.000000
0.000000
0.000000
0.000000
0.000000
0.000000
0.000000
-1.#IND00
0.000000
-1.#IND00
0.000000
-1.#IND00
-1.#IND00
1.#INF00
0.000000
-1.#IND00
0.000000
0.000000
0.000000
-1.#IND00
0.000000
-1.#IND00
-1.#IND00
-1.#IND00
0.000000
1.#INF00
0.000000
0.000000
0.000000
0.000000
0.000000
0.000000
0.000000
0.000000
-1.#IND00
0.000000
0.000000
0.000000
0.000000
0.000000
0.000000
0.000000
-1.#IND00
0.000000
0.000000
0.000000
0.000000
0.000000
0.000000
0.000000
-1.#IND00
0.000000
0.000000
0.000000
0.000000
0.000000
0.000000
-1.#IND00
0.000000
0.000000
0.000000
0.000000
0.000000
0.000000
0.000000
0.000000
0.000000
0.000000
0.000000
0.000000
0.000000
0.000000
0.000000
0.000000
0.000000
-1.#IND00
0.000000
0.000000
0.000000
-1.#IND00
0.000000
0.000000
0.000000
-1.#IND00
0.000000
1.#INF00
-1.#IND00
0.000000
0.000000
0.000000
0.000000
0.000000